4400 3800
4600 3800
4800 3800
5000 3800
5200 3800
5400 3800
5600 3800
3200 800
3400 800
3600 800
3800 800
4000 800
4200 800
4400 800
2600 2000
2800 2000
3000 2000
3200 2000
3400 2600
3600 2600
3800 2600
4000 2600
4200 2600
4400 2600
5000 2600
2000 800
2200 800
3000 800
1600 800
1800 800
1800 800
3400 3800
3600 3800
3800 3800
4000 3800
4200 3800
400 3800
600 3800
800 3800
1000 3800
1200 3800
1400 3800
1600 3800
1800 3800
2000 3800
2200 3800
2400 3800
2600 3800
2800 3800
3000 3800
3200 3800
1000 2000
1200 2000
1400 2000
1600 2000
2400 2000
5000 800
5200 800
5400 800
5600 800
1000 1000
1200 1000
400 1600
600 1600
5200 2600
5400 2600
5600 2600
2600 3000
2800 3000
3000 3000
3200 3000
2000 3400
200 3800
