0 200
2400 200
5800 1200
0 1400
5800 1400
0 1600
1600 1600
1800 1600
2000 1600
3000 1600
5800 1600
400 400
2400 400
3200 400
3400 400
3800 3800
4000 3800
4200 3800
4400 3800
4600 3800
4800 3800
5000 3800
5200 3800
5400 3800
5600 3800
5800 200
0 400
200 400
1200 800
1800 800
2400 800
5800 800
0 1000
2600 1000
2800 1000
5800 1000
0 1200
3400 1200
3600 1200
5800 3000
0 3200
400 3200
600 3200
800 3200
1000 3200
1200 3200
1400 3200
1600 3200
5400 3200
5800 3200
0 3400
5800 3400
0 3600
3800 2200
4600 2200
4800 2200
5800 2200
0 2400
1200 2400
1400 2400
1800 2400
5800 2400
0 2600
5200 2600
5800 2600
0 2800
5800 2800
0 3000
0 0
4200 600
4400 600
4600 600
4800 600
5000 600
5200 600
5400 600
5800 600
0 800
1000 800
2400 0
5800 0
5800 400
0 600
600 600
2400 600
0 1800
400 1800
600 1800
800 1800
1000 1800
5800 1800
0 2000
5800 2000
0 2200
3400 2200
3600 2200
5800 3600
200 3800
400 3800
600 3800
800 3800
1000 3800
1200 3800
1400 3800
1600 3800
1800 3800
2000 3800
2200 3800
2400 3800
2600 3800
2800 3800
3000 3800
3200 3800
3400 3800
3600 3800
